# This file may be used to create an environment using:
# $ conda create --name <env> --file <this file>
# platform: win-64
appdirs=1.4.4=pypi_0
asttokens=2.0.5=pyhd8ed1ab_0
attrs=21.4.0=pypi_0
backcall=0.2.0=pyh9f0ad1d_0
backports=1.0=py_2
backports.functools_lru_cache=1.6.4=pyhd8ed1ab_0
beautifulsoup4=4.11.1=pypi_0
bonobo=0.6.4=pypi_0
bs4=0.0.1=pypi_0
bzip2=1.0.8=h8ffe710_4
ca-certificates=2022.6.15=h5b45459_0
cattrs=22.1.0=pypi_0
certifi=2022.6.15=pypi_0
charset-normalizer=2.1.0=pypi_0
colorama=0.4.5=pyhd8ed1ab_0
debugpy=1.6.0=py38h885f38d_0
decorator=5.1.1=pyhd8ed1ab_0
docopt=0.6.2=pypi_0
docutils=0.19=pypi_0
entrypoints=0.4=pyhd8ed1ab_0
exceptiongroup=1.0.0rc8=pypi_0
executing=0.9.1=pyhd8ed1ab_0
fs=2.4.16=pypi_0
greenlet=1.1.2=pypi_0
idna=3.3=pypi_0
ipykernel=6.15.1=pyh025b116_0
ipython=8.4.0=py38haa244fe_0
jedi=0.18.1=py38haa244fe_1
jinja2=2.11.3=pypi_0
jupyter_client=7.3.4=pyhd8ed1ab_0
jupyter_core=4.11.1=py38haa244fe_0
libffi=3.4.2=h8ffe710_5
libsodium=1.0.18=h8d14728_1
libzlib=1.2.12=h8ffe710_2
lockfile=0.12.2=pypi_0
luigi=3.1.0=pypi_0
markupsafe=2.0.1=pypi_0
matplotlib-inline=0.1.3=pyhd8ed1ab_0
mondrian=0.8.1=pypi_0
nest-asyncio=1.5.5=pyhd8ed1ab_0
numpy=1.23.1=pypi_0
openssl=3.0.5=h8ffe710_1
packaging=19.2=pypi_0
pandas=1.4.3=pypi_0
parso=0.8.3=pyhd8ed1ab_0
pbr=5.9.0=pypi_0
pickleshare=0.7.5=py_1003
pip=22.2.1=pyhd8ed1ab_0
pipreqs=0.4.11=pypi_0
prompt-toolkit=3.0.30=pyha770c72_0
psutil=5.9.1=py38h294d835_0
psycopg2=2.9.3=pypi_0
pure_eval=0.2.2=pyhd8ed1ab_0
pygments=2.12.0=pyhd8ed1ab_0
pyparsing=3.0.9=pyhd8ed1ab_0
python=3.8.13=hcf16a7b_0_cpython
python-daemon=2.3.1=pypi_0
python-dateutil=2.8.2=pyhd8ed1ab_0
python-graphviz=0.8.4=pypi_0
python-slugify=1.2.6=pypi_0
python_abi=3.8=2_cp38
pytz=2022.1=pypi_0
pywin32=303=py38h294d835_0
pyzmq=23.2.0=py38h09162b1_0
requests=2.28.1=pypi_0
requests-cache=0.9.5=pypi_0
setuptools=63.3.0=py38haa244fe_0
six=1.16.0=pyh6c4a22f_0
soupsieve=2.3.2.post1=pypi_0
sqlalchemy=1.4.39=pypi_0
sqlalchemy-utils=0.38.3=pypi_0
sqlite=3.39.2=h8ffe710_0
stack_data=0.3.0=pyhd8ed1ab_0
stevedore=1.32.0=pypi_0
tenacity=8.0.1=pypi_0
tk=8.6.12=h8ffe710_0
tornado=6.2=py38h294d835_0
traitlets=5.3.0=pyhd8ed1ab_0
ucrt=10.0.20348.0=h57928b3_0
unidecode=1.3.4=pypi_0
url-normalize=1.4.3=pypi_0
urllib3=1.26.11=pypi_0
vc=14.2=hb210afc_6
vs2015_runtime=14.29.30037=h902a5da_6
wcwidth=0.2.5=pyh9f0ad1d_2
wheel=0.37.1=pyhd8ed1ab_0
whistle=1.0.1=pypi_0
xz=5.2.5=h62dcd97_1
yarg=0.1.9=pypi_0
zeromq=4.3.4=h0e60522_1
